5
0
7
0 2 246 206
1 0 247 296
2 0 331 297
3 2 330 210
4 4 234 423
5 4 350 420
6 5 289 69
7
0 0 1 0
1 0 4 0
1 1 3 0
2 0 0 0
2 1 5 0
3 0 2 0
6 0 0 0
1
7
0 2 246 206
1 0 247 296
2 0 331 297
3 2 330 210
4 4 234 423
5 4 350 420
6 5 289 69
7
0 0 1 0
1 0 4 0
1 1 3 0
2 0 0 0
2 1 5 0
3 0 2 0
6 0 0 0
2
7
0 2 246 206
1 0 247 296
2 0 331 297
3 2 330 210
4 4 234 423
5 4 350 420
6 5 289 69
7
0 0 1 0
1 0 4 0
1 1 3 0
2 0 0 0
2 1 5 0
3 0 2 0
6 0 0 0
3
7
0 2 246 206
1 0 247 296
2 0 331 297
3 2 330 210
4 4 234 423
5 4 350 420
6 5 289 69
7
0 0 1 0
1 0 4 0
1 1 3 0
2 0 0 0
2 1 5 0
3 0 2 0
6 0 0 0
4
26
0 6 0 242 203
1 2 702 206
2 6 1 409 203
3 6 2 491 206
4 6 3 329 200
5 1 241 439
6 1 343 444
7 1 423 449
8 1 498 444
9 4 133 502
10 5 248 83
11 5 315 79
12 5 416 75
13 5 494 75
14 4 251 566
15 4 347 561
16 4 425 562
17 4 514 552
18 2 279 363
19 2 374 379
20 2 451 371
21 2 539 372
22 1 220 330
23 1 329 308
24 1 503 304
25 1 400 300
32
0 0 22 0
0 1 5 0
2 0 25 0
2 1 7 0
3 0 24 0
3 1 8 0
4 0 23 0
4 1 6 0
5 0 9 0
5 1 14 0
6 0 9 0
6 1 15 0
7 0 9 0
7 1 16 0
8 0 9 0
8 1 17 0
10 0 0 0
11 0 4 0
12 0 2 0
13 0 3 0
18 0 14 0
19 0 15 0
20 0 16 0
21 0 17 0
22 0 9 0
22 1 18 0
23 0 9 0
23 1 19 0
24 0 9 0
24 1 21 0
25 0 9 0
25 1 20 0
