6
0
10
0 0 401 201
1 1 394 285
2 1 397 379
3 3 310 264
4 3 268 363
5 4 251 483
6 4 322 484
7 4 402 488
8 5 307 116
9 5 402 118
12
0 0 1 0
0 1 2 0
1 0 4 0
1 1 7 0
2 0 5 0
2 1 6 0
3 0 4 0
3 1 7 0
4 0 5 0
4 1 6 0
8 0 3 0
9 0 0 0
1
10
0 0 401 201
1 1 394 285
2 1 397 379
3 3 310 264
4 3 268 363
5 4 251 483
6 4 322 484
7 4 402 488
8 5 307 116
9 5 402 118
12
0 0 1 0
0 1 2 0
1 0 4 0
1 1 7 0
2 0 5 0
2 1 6 0
3 0 4 0
3 1 7 0
4 0 5 0
4 1 6 0
8 0 3 0
9 0 0 0
2
10
0 0 401 201
1 1 394 285
2 1 397 379
3 3 310 264
4 3 268 363
5 4 251 483
6 4 322 484
7 4 402 488
8 5 307 116
9 5 402 118
12
0 0 1 0
0 1 2 0
1 0 4 0
1 1 7 0
2 0 5 0
2 1 6 0
3 0 4 0
3 1 7 0
4 0 5 0
4 1 6 0
8 0 3 0
9 0 0 0
3
10
0 0 401 201
1 1 394 285
2 1 397 379
3 3 310 264
4 3 268 363
5 4 251 483
6 4 322 484
7 4 402 488
8 5 307 116
9 5 402 118
12
0 0 1 0
0 1 2 0
1 0 4 0
1 1 7 0
2 0 5 0
2 1 6 0
3 0 4 0
3 1 7 0
4 0 5 0
4 1 6 0
8 0 3 0
9 0 0 0
4
10
0 0 401 201
1 1 394 285
2 1 397 379
3 3 310 264
4 3 268 363
5 4 251 483
6 4 322 484
7 4 402 488
8 5 307 116
9 5 402 118
12
0 0 1 0
0 1 2 0
1 0 4 0
1 1 7 0
2 0 5 0
2 1 6 0
3 0 4 0
3 1 7 0
4 0 5 0
4 1 6 0
8 0 3 0
9 0 0 0
5
19
0 6 0 240 225
1 6 1 332 223
2 6 2 512 222
3 6 3 423 220
4 4 194 460
5 5 252 90
6 5 319 92
7 5 380 95
8 5 438 98
9 5 500 95
10 6 4 672 186
11 4 272 465
12 4 336 469
13 4 406 463
14 4 502 453
15 4 576 442
16 4 651 437
17 4 720 438
18 4 99 340
17
0 0 14 0
0 1 4 0
0 2 1 1
1 0 15 0
1 1 11 0
1 2 3 1
2 0 17 0
2 1 13 0
2 2 18 0
3 0 16 0
3 1 12 0
3 2 2 1
5 0 0 1
6 0 0 0
7 0 1 0
8 0 3 0
9 0 2 0
